 8/28/2016; Day: 13,15,18,20,32; Night: 5,8,9,18,29
8/27/2016; Day: 10,13,17,19,30; Night: 10,11,13,21,28
8/26/2016; Day: 4,9,21,32,33; Night: 2,22,23,24,32
8/25/2016; Day: 10,14,26,27,28; Night: 6,10,12,14,33
8/24/2016; Day: 14,15,18,23,31; Night: 6,14,17,19,30
8/23/2016; Day: 1,15,25,31,32; Night: 4,15,19,24,30
8/22/2016; Day: 4,6,10,21,25; Night: 3,8,9,26,34
8/21/2016; Day: 12,18,22,28,31; Night: 2,22,28,30,33
8/20/2016; Day: 3,9,15,27,29; Night: 9,11,23,26,32
8/19/2016; Day: 14,18,22,27,31; Night: 7,10,11,12,21
8/18/2016; Day: 8,9,11,18,30; Night: 5,11,15,25,27
8/17/2016; Day: 3,28,30,31,34; Night: 1,4,9,31,33
8/16/2016; Day: 1,4,21,26,33; Night: 6,11,12,16,25
8/15/2016; Day: 11,12,14,27,29; Night: 2,9,21,23,30
8/14/2016; Day: 4,16,19,20,23; Night: 3,15,17,26,33
8/13/2016; Day: 10,11,13,16,17; Night: 3,12,14,22,28
8/12/2016; Day: 3,15,25,31,32; Night: 3,16,23,30,31
8/11/2016; Day: 6,7,18,28,30; Night: 6,17,27,30,32
8/10/2016; Day: 18,24,26,27,31; Night: 2,10,15,21,29
8/9/2016; Day: 11,26,28,29,32; Night: 9,10,12,19,24
8/8/2016; Day: 2,4,11,24,25; Night: 14,27,29,31,33
8/7/2016; Day: 10,15,19,33,34; Night: 9,12,19,26,27
8/6/2016; Day: 3,12,18,30,34; Night: 1,15,21,22,33
8/5/2016; Day: 1,8,13,22,29; Night: 11,17,26,27,34
8/4/2016; Day: 1,7,13,19,32; Night: 5,14,19,22,33
8/3/2016; Day: 15,21,27,32,34; Night: 4,10,11,13,31
8/2/2016; Day: 7,9,24,26,30; Night: 1,13,17,20,31
8/1/2016; Day: 5,7,8,31,32; Night: 1,11,21,32,34
7/31/2016; Day: 18,23,26,29,32; Night: 7,14,19,32,34
7/30/2016; Day: 2,10,22,28,33; Night: 9,11,18,22,34
7/29/2016; Day: 3,4,5,8,21; Night: 8,10,11,26,33
7/28/2016; Day: 2,8,13,18,24; Night: 1,14,19,25,32
7/27/2016; Day: 4,9,10,19,26; Night: 1,10,12,20,27
7/26/2016; Day: 9,11,18,26,29; Night: 5,15,20,26,34
7/25/2016; Day: 9,19,22,27,31; Night: 8,21,31,32,33
7/24/2016; Day: 6,9,17,26,29; Night: 9,10,11,24,34
7/23/2016; Day: 4,10,11,26,34; Night: 15,16,26,30,32
7/22/2016; Day: 3,12,15,17,30; Night: 11,14,19,21,24
7/21/2016; Day: 13,23,27,32,33; Night: 6,13,16,29,34
7/20/2016; Day: 1,10,14,19,26; Night: 2,14,17,24,34
7/19/2016; Day: 6,10,11,19,34; Night: 10,15,18,25,28
7/18/2016; Day: 2,7,10,12,23; Night: 2,5,18,29,32
7/17/2016; Day: 10,20,21,22,23; Night: 2,7,9,23,25
7/16/2016; Day: 7,14,23,26,28; Night: 7,12,20,22,31
7/15/2016; Day: 2,9,11,12,30; Night: 6,13,15,33,34
7/14/2016; Day: 9,12,28,30,34; Night: 10,18,24,25,27
7/13/2016; Day: 2,8,17,22,27; Night: 11,14,16,18,27
7/12/2016; Day: 4,11,19,26,31; Night: 12,16,17,27,31
7/11/2016; Day: 2,5,11,20,23; Night: 11,16,21,27,30
7/10/2016; Day: 4,12,14,18,34; Night: 4,8,13,31,34
7/9/2016; Day: 12,19,20,28,32; Night: 1,10,12,17,23
7/8/2016; Day: 1,4,6,7,34; Night: 15,16,19,20,27
7/7/2016; Day: 6,13,15,29,34; Night: 1,8,23,25,28
7/6/2016; Day: 4,15,17,24,31; Night: 5,19,29,32,34
7/5/2016; Day: 4,10,13,17,18; Night: 8,9,11,15,29
7/4/2016; Day: 1,13,15,19,32; Night: 2,7,21,33,34
7/3/2016; Day: 5,7,18,24,34; Night: 9,18,20,28,30
7/2/2016; Day: 16,19,20,22,27; Night: 5,6,9,13,32
7/1/2016; Day: 12,20,22,24,34; Night: 1,12,19,20,31
6/30/2016; Day: 5,8,10,24,29; Night: 1,15,16,26,30
6/29/2016; Day: 1,9,17,22,33; Night: 4,7,17,24,26
6/28/2016; Day: 3,5,17,24,29; Night: 8,20,22,27,34
6/27/2016; Day: 2,3,13,19,25; Night: 2,4,8,19,25
6/26/2016; Day: 10,13,16,31,32; Night: 5,6,8,14,18
6/25/2016; Day: 6,22,28,29,30; Night: 2,4,8,26,28
6/24/2016; Day: 11,16,17,20,28; Night: 3,9,14,20,22
6/23/2016; Day: 1,4,20,26,34; Night: 24,25,27,28,30
6/22/2016; Day: 2,9,11,16,33; Night: 6,7,18,25,32
6/21/2016; Day: 2,7,13,28,29; Night: 2,5,6,15,20
6/20/2016; Day: 12,16,22,28,34; Night: 1,4,24,28,34
6/19/2016; Day: 10,14,17,19,34; Night: 1,16,18,20,22
6/18/2016; Day: 1,3,13,25,33; Night: 11,22,25,29,30
6/17/2016; Day: 4,12,15,22,26; Night: 15,16,26,33,34
6/16/2016; Day: 6,7,17,20,27; Night: 8,10,29,33,34
6/15/2016; Day: 3,6,9,20,21; Night: 4,5,20,21,27
6/14/2016; Day: 4,10,23,27,28; Night: 6,7,8,16,32
6/13/2016; Day: 16,22,26,27,31; Night: 2,7,16,17,29
6/12/2016; Day: 9,19,20,22,24; Night: 5,14,26,29,31
6/11/2016; Day: 12,17,18,29,32; Night: 7,14,24,30,33
6/10/2016; Day: 5,8,12,14,17; Night: 6,20,22,29,31
6/9/2016; Day: 16,25,27,29,32; Night: 2,9,20,25,26
6/8/2016; Day: 6,9,10,15,29; Night: 8,13,14,15,25
6/7/2016; Day: 10,14,18,19,32; Night: 4,9,14,18,19
6/6/2016; Day: 5,6,11,14,30; Night: 7,9,17,19,32
6/5/2016; Day: 1,6,10,25,31; Night: 1,2,7,21,27
6/4/2016; Day: 3,7,17,20,34; Night: 1,6,9,16,33
6/3/2016; Day: 1,15,18,25,33; Night: 10,15,19,29,33
6/2/2016; Day: 4,8,10,19,32; Night: 3,15,17,24,32
6/1/2016; Day: 1,2,10,12,22; Night: 6,12,13,15,20
5/31/2016; Day: 2,14,27,30,34; Night: 7,8,20,24,33
5/30/2016; Day: 3,5,15,28,29; Night: 19,20,22,26,30
5/29/2016; Day: 10,13,17,20,32; Night: 3,6,16,21,25
5/28/2016; Day: 4,9,13,22,32; Night: 12,14,16,24,32
5/27/2016; Day: 2,4,26,32,34; Night: 3,6,7,10,28
5/26/2016; Day: 12,26,27,29,34; Night: 13,17,20,30,34
5/25/2016; Day: 5,12,25,27,34; Night: 1,7,12,16,25
5/24/2016; Day: 10,22,24,29,32; Night: 4,7,25,29,34
5/23/2016; Day: 1,2,10,22,33; Night: 22,25,29,32,33
5/22/2016; Day: 3,6,10,21,22; Night: 4,15,18,20,32
5/21/2016; Day: 3,9,19,24,33; Night: 2,5,11,18,31
5/20/2016; Day: 1,9,13,20,29; Night: 9,14,19,28,29
5/19/2016; Day: 1,3,13,22,29; Night: 8,16,29,30,31
5/18/2016; Day: 9,11,19,22,23; Night: 3,4,17,32,33
5/17/2016; Day: 13,19,21,23,30; Night: 4,8,9,16,33
5/16/2016; Day: 2,9,18,28,32; Night: 7,8,17,29,31
5/15/2016; Day: 4,9,13,16,19; Night: 5,16,23,27,34
5/14/2016; Day: 4,23,24,25,33; Night: 9,13,24,31,34
5/13/2016; Day: 3,5,11,24,29; Night: 1,3,4,7,22
5/12/2016; Day: 10,15,18,25,34; Night: 1,8,16,22,23
5/11/2016; Day: 8,9,16,17,28; Night: 7,9,18,25,26
5/10/2016; Day: 1,7,8,15,17; Night: 8,16,26,28,30
5/9/2016; Day: 11,16,30,32,34; Night: 8,11,13,15,17
5/8/2016; Day: 1,5,27,29,33; Night: 5,9,10,19,31
5/7/2016; Day: 1,7,9,26,32; Night: 2,11,12,18,20
5/6/2016; Day: 5,17,20,27,28; Night: 6,8,23,26,28
5/5/2016; Day: 11,15,18,25,28; Night: 4,9,10,19,30
5/4/2016; Day: 1,2,14,20,21; Night: 3,8,18,20,26
5/3/2016; Day: 7,10,18,26,29; Night: 11,13,14,15,20
5/2/2016; Day: 2,13,27,28,33; Night: 21,26,27,28,29
5/1/2016; Day: 15,20,27,29,34; Night: 8,11,13,14,25
4/30/2016; Day: 15,16,17,28,30; Night: 4,16,20,22,33
4/29/2016; Day: 9,10,15,33,34; Night: 1,4,16,20,28
4/28/2016; Day: 7,12,19,24,31; Night: 2,17,20,22,34
4/27/2016; Day: 11,13,24,31,33; Night: 4,10,13,16,21
4/26/2016; Day: 4,17,18,22,23; Night: 11,19,20,21,34
4/25/2016; Day: 1,4,11,15,28; Night: 1,3,6,18,27
4/24/2016; Day: 9,11,12,20,25; Night: 9,16,24,28,30
4/23/2016; Day: 8,13,15,20,33; Night: 9,16,22,28,34
4/22/2016; Day: 4,10,16,19,25; Night: 3,8,20,25,28
4/21/2016; Day: 9,19,22,24,29; Night: 2,23,25,30,32
4/20/2016; Day: 7,8,21,24,26; Night: 4,12,24,28,34
4/19/2016; Day: 3,9,11,25,30; Night: 21,23,27,31,32
4/18/2016; Day: 9,15,23,25,30; Night: 1,2,7,10,16
4/17/2016; Day: 9,17,18,28,29; Night: 1,2,10,11,20
4/16/2016; Day: 4,9,11,22,30; Night: 8,10,22,23,28
4/15/2016; Day: 4,7,13,14,33; Night: 3,5,8,21,23
4/14/2016; Day: 4,10,15,22,25; Night: 2,4,8,25,26
4/13/2016; Day: 4,10,12,16,32; Night: 23,24,26,30,33
4/12/2016; Day: 6,10,16,24,27; Night: 5,7,10,13,14
4/11/2016; Day: 9,11,17,24,31; Night: 4,12,13,16,28
4/10/2016; Day: 5,6,21,27,28; Night: 13,15,18,21,33
4/9/2016; Day: 2,4,14,21,29; Night: 2,5,10,12,18
4/8/2016; Day: 1,18,21,28,30; Night: 5,7,9,24,32
4/7/2016; Day: 2,10,15,29,34; Night: 5,13,15,20,21
4/6/2016; Day: 10,13,20,22,32; Night: 28,30,31,33,34
4/5/2016; Day: 1,6,10,11,16; Night: 6,15,18,31,32
4/4/2016; Day: 2,4,27,30,34; Night: 7,12,17,21,23
4/3/2016; Day: 2,14,16,21,24; Night: 9,17,27,31,34
4/2/2016; Day: 6,9,27,32,34; Night: 4,9,10,11,34
4/1/2016; Day: 2,4,11,14,22; Night: 1,5,17,23,33
3/31/2016; Day: 8,15,17,27,32; Night: 15,19,23,26,27
3/30/2016; Day: 8,11,12,14,24; Night: 5,15,23,27,33
3/29/2016; Day: 3,11,13,18,25; Night: 1,5,12,19,28
3/28/2016; Day: 3,7,17,21,34; Night: 5,13,18,23,34
3/27/2016; Day: 2,17,25,27,28; Night: 4,10,29,32,33
3/26/2016; Day: 2,13,17,26,28; Night: 5,9,15,18,34
3/25/2016; Day: 2,8,16,23,30; Night: 3,10,20,28,32
3/24/2016; Day: 2,6,12,23,26; Night: 19,24,27,29,33
3/23/2016; Day: 4,6,15,24,32; Night: 14,20,23,24,30
3/22/2016; Day: 8,9,12,14,23; Night: 3,7,18,31,32
3/21/2016; Day: 1,10,14,16,21; Night: 5,12,13,23,30
3/20/2016; Day: 3,13,21,26,32; Night: 1,6,30,31,34
3/19/2016; Day: 2,5,18,24,26; Night: 2,17,19,33,34
3/18/2016; Day: 10,17,20,26,28; Night: 4,10,16,24,29
3/17/2016; Day: 20,27,28,33,34; Night: 2,4,6,14,27
3/16/2016; Day: 5,16,18,30,34; Night: 5,15,31,32,34
3/15/2016; Day: 3,7,19,25,32; Night: 8,9,23,29,32
3/14/2016; Day: 3,8,17,19,25; Night: 6,7,8,15,30
3/13/2016; Day: 2,7,9,23,24; Night: 1,5,20,27,30
3/12/2016; Day: 3,10,18,25,27; Night: 2,4,10,26,29
3/11/2016; Day: 4,13,17,19,25; Night: 5,10,14,15,33
3/10/2016; Day: 4,11,16,20,34; Night: 9,11,15,17,30
3/9/2016; Day: 3,18,19,32,34; Night: 13,22,24,25,28
3/8/2016; Day: 1,12,14,30,33; Night: 1,9,14,27,30
3/7/2016; Day: 8,17,25,28,33; Night: 1,2,7,11,18
3/6/2016; Day: 6,14,21,29,33; Night: 1,5,16,20,25
3/5/2016; Day: 6,16,24,26,29; Night: 6,13,28,29,34
3/4/2016; Day: 4,9,11,19,23; Night: 7,10,21,27,33
3/3/2016; Day: 1,4,6,15,29; Night: 8,15,18,21,34
3/2/2016; Day: 4,5,10,12,27; Night: 7,9,17,19,26
3/1/2016; Day: 10,11,27,32,34; Night: 3,7,11,20,27
2/29/2016; Day: 5,11,17,20,32; Night: 6,13,15,30,33
2/28/2016; Day: 1,9,16,19,21; Night: 2,16,20,29,30
2/27/2016; Day: 20,23,24,26,30; Night: 8,13,15,26,34
2/26/2016; Day: 3,6,16,19,30; Night: 1,18,21,23,24
2/25/2016; Day: 1,12,18,27,31; Night: 9,16,19,29,34
2/24/2016; Day: 4,9,13,19,28; Night: 9,14,18,19,27
2/23/2016; Day: 12,13,15,17,25; Night: 1,7,11,26,30
2/22/2016; Day: 9,10,14,15,22; Night: 1,11,15,28,29
2/21/2016; Day: 4,7,13,24,28; Night: 6,7,17,18,24
2/20/2016; Day: 5,19,27,29,34; Night: 3,13,18,24,34
2/19/2016; Day: 1,7,8,19,20; Night: 5,13,16,22,33
2/18/2016; Day: 11,20,23,29,34; Night: 1,3,20,25,31
2/17/2016; Day: 5,8,23,26,33; Night: 1,9,13,14,20
2/16/2016; Day: 5,9,15,26,33; Night: 3,6,11,22,30
2/15/2016; Day: 5,8,10,13,20; Night: 5,7,12,20,27
2/14/2016; Day: 2,11,16,19,23; Night: 1,7,16,22,28
2/13/2016; Day: 1,2,31,33,34; Night: 3,11,24,25,27
2/12/2016; Day: 1,2,4,10,12; Night: 7,15,23,26,28
2/11/2016; Day: 3,6,9,28,34; Night: 13,19,20,30,32
2/10/2016; Day: 4,5,11,25,32; Night: 7,11,21,25,28
2/9/2016; Day: 14,18,19,21,33; Night: 4,13,19,28,34
2/8/2016; Day: 6,13,16,25,31; Night: 8,11,13,21,27
2/7/2016; Day: 4,11,26,27,29; Night: 4,5,7,22,25
2/6/2016; Day: 11,18,21,24,26; Night: 1,11,13,27,34
2/5/2016; Day: 4,26,29,31,34; Night: 1,6,18,19,31
2/4/2016; Day: 2,6,18,22,27; Night: 4,5,21,27,30
2/3/2016; Day: 6,7,13,14,31; Night: 2,8,18,21,31
2/2/2016; Day: 7,11,17,20,28; Night: 2,15,16,29,32
2/1/2016; Day: 3,6,22,28,34; Night: 2,9,10,15,17
1/31/2016; Day: 13,14,16,19,20; Night: 3,17,29,32,33
1/30/2016; Day: 5,20,24,33,34; Night: 4,8,21,22,27
1/29/2016; Day: 3,6,8,9,34; Night: 10,15,27,32,34
1/28/2016; Day: 2,3,22,30,31; Night: 8,17,23,26,27
1/27/2016; Day: 5,8,10,20,33; Night: 3,7,19,32,34
1/26/2016; Day: 12,15,17,24,29; Night: 4,24,26,27,31
1/25/2016; Day: 4,11,13,18,31; Night: 4,7,22,26,28
1/24/2016; Day: 2,13,17,26,29; Night: 5,12,18,20,21
1/23/2016; Day: 1,22,23,26,33; Night: 14,17,18,31,32
1/22/2016; Day: 4,10,21,33,34; Night: 1,3,6,31,32
1/21/2016; Day: 6,12,14,18,21; Night: 15,16,21,27,28
1/20/2016; Day: 13,19,24,26,29; Night: 3,5,6,17,34
1/19/2016; Day: 3,9,24,30,33; Night: 1,11,16,21,30
1/18/2016; Day: 9,12,15,26,30; Night: 4,6,7,14,25
1/17/2016; Day: 7,9,20,31,33; Night: 14,16,20,28,33
1/16/2016; Day: 3,12,16,27,29; Night: 10,15,21,25,31
1/15/2016; Day: 3,12,21,30,32; Night: 6,13,16,25,31
1/14/2016; Day: 1,2,9,11,26; Night: 14,15,19,21,31
1/13/2016; Day: 4,6,11,23,31; Night: 19,21,24,29,30
1/12/2016; Day: 3,11,19,20,29; Night: 15,18,21,25,34
1/11/2016; Day: 7,13,19,24,31; Night: 6,9,21,23,27
1/10/2016; Day: 2,9,13,16,30; Night: 6,18,25,28,30
1/9/2016; Day: 1,3,8,11,32; Night: 2,6,7,15,28
1/8/2016; Day: 1,2,25,29,32; Night: 4,14,15,25,32
1/7/2016; Day: 3,7,22,32,33; Night: 14,16,25,29,33
1/6/2016; Day: 3,7,21,22,23; Night: 23,24,28,31,33
1/5/2016; Day: 1,4,9,11,23; Night: 10,14,23,24,25
1/4/2016; Day: 4,6,15,19,27; Night: 9,20,26,28,31
1/3/2016; Day: 3,8,14,22,25; Night: 1,7,9,10,34
1/2/2016; Day: 1,14,18,25,30; Night: 11,12,27,30,33
1/1/2016; Day: 1,5,13,21,32; Night: 6,11,18,29,30
12/31/2015; Day: 2,14,19,21,28; Night: 9,11,16,24,25
12/30/2015; Day: 2,10,15,18,21; Night: 4,14,27,30,34
12/29/2015; Day: 2,18,25,27,31; Night: 10,18,21,26,28
12/28/2015; Day: 8,9,10,26,34; Night: 16,20,22,28,31
12/27/2015; Day: 7,15,28,30,32; Night: 4,10,11,13,18
12/26/2015; Day: 4,7,17,23,25; Night: 2,6,11,19,25
12/25/2015; Day: 1,5,7,14,19; Night: 4,13,16,18,30
12/24/2015; Day: 17,20,22,27,33; Night: 1,10,12,23,27
12/23/2015; Day: 10,11,15,17,19; Night: 5,7,22,25,32
12/22/2015; Day: 7,13,24,27,31; Night: 4,5,9,15,17
12/21/2015; Day: 8,9,11,17,28; Night: 1,3,5,14,27
12/20/2015; Day: 12,23,26,29,32; Night: 1,4,27,29,33
12/19/2015; Day: 5,9,19,30,33; Night: 9,10,17,23,28
12/18/2015; Day: 3,15,20,24,25; Night: 3,6,19,24,30
12/17/2015; Day: 6,10,19,27,32; Night: 4,9,15,25,28
12/16/2015; Day: 19,22,25,28,30; Night: 1,4,14,17,21
12/15/2015; Day: 13,17,19,22,28; Night: 8,17,19,22,34
12/14/2015; Day: 3,4,22,26,28; Night: 1,10,12,19,23
12/13/2015; Day: 11,14,26,28,33; Night: 18,22,24,26,33
12/12/2015; Day: 4,7,10,25,30; Night: 1,7,22,23,33
12/11/2015; Day: 6,8,24,25,34; Night: 3,6,20,21,23
12/10/2015; Day: 2,14,20,21,27; Night: 6,20,21,23,28
12/9/2015; Day: 9,14,19,27,32; Night: 13,15,20,25,29
12/8/2015; Day: 6,12,14,21,30; Night: 5,9,15,28,31
12/7/2015; Day: 7,21,26,30,33; Night: 14,15,16,23,34
12/6/2015; Day: 1,3,9,21,34; Night: 4,13,20,21,26
12/5/2015; Day: 1,9,20,24,27; Night: 2,9,14,18,32
12/4/2015; Day: 2,6,8,11,30; Night: 7,20,23,25,32
12/3/2015; Day: 4,10,16,18,31; Night: 1,6,11,16,19
12/2/2015; Day: 7,10,11,22,24; Night: 8,12,13,16,25
12/1/2015; Day: 16,17,19,21,31; Night: 3,6,9,18,28
11/30/2015; Day: 19,22,23,28,29; Night: 11,12,14,18,26
11/29/2015; Day: 1,9,15,17,29; Night: 7,13,17,29,33
11/28/2015; Day: 7,16,18,27,34; Night: 3,5,6,21,30
11/27/2015; Day: 3,9,27,29,31; Night: 6,8,16,28,32
11/26/2015; Day: 20,24,26,28,30; Night: 6,7,11,20,22
11/25/2015; Day: 7,21,29,31,32; Night: 4,9,19,29,30
11/24/2015; Day: 12,18,20,21,27; Night: 10,14,16,20,24
11/23/2015; Day: 1,4,8,21,25; Night: 2,10,13,23,32
11/22/2015; Day: 2,9,18,20,34; Night: 4,20,21,26,27
11/21/2015; Day: 1,8,9,19,25; Night: 4,10,16,28,33
11/20/2015; Day: 6,9,19,22,23; Night: 6,15,17,19,21
11/19/2015; Day: 11,18,19,23,31; Night: 8,22,24,30,34
11/18/2015; Day: 1,2,15,20,33; Night: 5,10,15,17,18
11/17/2015; Day: 5,12,20,22,30; Night: 6,10,17,19,28
11/16/2015; Day: 1,4,9,18,30; Night: 6,7,8,17,18
11/15/2015; Day: 3,22,26,30,32; Night: 12,14,18,25,27
11/14/2015; Day: 4,23,25,26,32; Night: 11,17,18,22,32
11/13/2015; Day: 6,17,22,33,34; Night: 6,10,19,26,30
11/12/2015; Day: 4,5,10,22,33; Night: 7,13,15,22,29
11/11/2015; Day: 4,16,22,28,32; Night: 2,8,12,15,19
11/10/2015; Day: 3,4,7,9,17; Night: 10,17,22,24,31
11/9/2015; Day: 2,12,15,24,27; Night: 7,8,9,18,32
11/8/2015; Day: 6,11,20,23,27; Night: 10,17,21,24,25
11/7/2015; Day: 2,8,19,25,33; Night: 2,14,18,28,34
11/6/2015; Day: 3,12,23,24,33; Night: 10,11,24,30,34
11/5/2015; Day: 5,16,17,20,32; Night: 4,6,7,10,31
11/4/2015; Day: 4,10,13,14,26; Night: 2,14,17,19,31
11/3/2015; Day: 2,10,13,29,32; Night: 9,19,23,24,34
11/2/2015; Day: 1,4,10,17,30; Night: 16,17,19,29,32
11/1/2015; Day: 9,10,15,17,24; Night: 3,8,10,23,30
10/31/2015; Day: 4,6,28,31,34; Night: 6,10,29,31,32
10/30/2015; Day: 16,21,25,29,33; Night: 2,7,17,26,30
10/29/2015; Day: 7,13,24,29,30; Night: 1,5,20,22,31
10/28/2015; Day: 3,7,9,20,28; Night: 1,8,15,33,34
10/27/2015; Day: 1,5,6,15,23; Night: 3,9,17,20,21
10/26/2015; Day: 6,22,26,29,33; Night: 8,11,14,16,19
10/25/2015; Day: 7,8,13,19,29; Night: 16,17,18,27,29
10/24/2015; Day: 10,14,25,32,34; Night: 11,14,20,24,25
10/23/2015; Day: 1,18,24,25,31; Night: 6,10,22,31,34
10/22/2015; Day: 12,17,19,32,33; Night: 16,22,23,32,34
10/21/2015; Day: 7,10,18,23,32; Night: 4,6,8,16,18
10/20/2015; Day: 12,13,16,21,33; Night: 6,8,25,31,33
10/19/2015; Day: 2,11,14,17,18; Night: 2,11,26,28,31
10/18/2015; Day: 14,15,27,32,34; Night: 1,2,7,12,30
10/17/2015; Day: 11,16,18,26,31; Night: 2,4,8,9,22
10/16/2015; Day: 3,12,16,26,29; Night: 8,10,15,30,33
10/15/2015; Day: 14,24,27,28,32; Night: 9,11,13,23,33
10/14/2015; Day: 3,14,20,25,34; Night: 8,13,22,29,32
10/13/2015; Day: 5,12,13,17,21; Night: 3,15,22,25,26
10/12/2015; Day: 4,9,10,17,26; Night: 14,24,25,30,34
10/11/2015; Day: 17,21,23,30,34; Night: 6,13,28,30,31
10/10/2015; Day: 1,3,4,21,28; Night: 5,9,22,28,30
10/9/2015; Day: 6,7,11,16,26; Night: 1,8,14,24,34
10/8/2015; Day: 5,10,11,29,31; Night: 4,19,21,22,31
10/7/2015; Day: 4,15,20,28,30; Night: 6,13,22,29,34
10/6/2015; Day: 2,3,15,23,26; Night: 3,13,24,30,32
10/5/2015; Day: 1,7,8,12,34; Night: 2,8,28,29,31
10/4/2015; Day: 3,18,20,22,30; Night: 14,21,25,29,30